artist:shiny beast,artist:luigi di giammarino
character:akai ringo,character:ringo akai
artist:tarankobu,artist:taran kobu
group:waniwani panic,group:waniwanipanic
character:chigiri hyoma,character:hyoma chigiri
artist:robomikan,artist:robo mikan
artist:suzusiro,artist:suzushiro
cosplayer:misa daidai,cosplayer:xidaidai
female:dildo,female:sex toys
character:goten,character:son goten
character:towa akagi,character:cure scarlet
artist:guuerosu,artist:guusuka
artist:lewdreaper,artist:datareaper
character:miyuki hoshizora,character:cure happy
artist:kirie,artist:kilie
character:fraurem,character:fraurem chrome
artist:chimaki,artist:con narita
male:lingere,male:lingerie
group:urahyakkiyagyou,group:urahyakkiyakou
artist:umeboshi,artist:nadaka harutsugu
character:princess ellee,character:cure majesty
group:negiko,group:negico
artist:sblack,artist:nagioka
character:tear,character:tear grants
artist:yuki usagi,artist:yukiusagi
group:hot pink,group:hotpink
group:syo-gusya,group:shougusha
female:creampie,female:nakadashi
artist:melonleaf,artist:meloso leaf
character:tsukikage,character:moon shadow
female:tall,female:tall girl
artist:jam orbital,artist:jam-orbital
artist:eriya,artist:elijah
artist:uzuki karasu,artist:35 machi
male:tentacle,male:tentacles
character:matatagi hayato,character:hayato matatagi
cosplayer:sht,cosplayer:harukaism
female:female solo,female:sole female
artist:hyakkin,artist:matsumoto katsuya
cosplayer:ravaged rachel,cosplayer:rachel ravaged
artist:kurogane yamato,artist:shirakage musashi
character:pepo,character:summer squash
character:conker,character:conker the squirrel
group:gundam computer inc.,group:koutatsu dennou koushi
artist:akamatsu,artist:akamatsu ant
female:tattoo,female:large tattoo
group:bijou,group:bijyuu
parody:yokuwakaru gendai mahou,parody:yoku wakaru gendai mahou
parody:anima,parody:plus anima
group:shinonome,group:sinonome
artist:shiramata mochi,artist:shiratama moti
parody:stargate sg1,parody:stargate
artist:yamaishi,artist:yamaishi juhachi
artist:daisuke mayumi,artist:mayumi daisuke
artist:ruru shinjou,artist:shinjou ruru
character:hikari kujou,character:shiny luminous
group:mokomaru fisheries,group:mokomaru suisan
artist:theupsidedraws,artist:silvergabe
group:moriman sho-ten,group:moriman shoten
artist:konoma kazuho,artist:konoma waho
artist:shinobu neko,artist:ninbyo nin
parody:silver fox,parody:gingitsune
character:kawashima minami,character:minami kawashima
artist:ronri,artist:ronrinri ronri
artist:starshadowmagician,artist:star shadow magician
group:shuten-dj,group:shutendj
group:panda ga ippiki.,group:pandagaippiki.
artist:tetsuo,artist:hiiragi yuichi
artist:kyoffie12,artist:kyoffie
group:fuyuzora izumo,group:okushima izumo
artist:chicago-x,artist:chicago
artist:tygger,artist:tygger l. graf
artist:uousaou,artist:uousaoh
character:himura kenshin,character:kenshin himura
artist:tomomi sanjou,artist:sanjou tomomi
artist:ohanabatakerun,artist:ohanabatake run
artist:chihiro nobuki,artist:nobuki chihiro
artist:yuu minamoto,artist:minamoto yuu
artist:kotori yuuya,artist:etori yuuya
artist:twokinds,artist:thomas fischbach
group:flyingcookies,group:skyblue
artist:piyomori,artist:usagi piyoko
artist:tamarashi,artist:okuma mai
male:bodywriting,male:body writing
cosplayer:poon wrunya,cosplayer:poon warunya
character:doi shouta,character:shouta doi
artist:riverstone,artist:peter riverstone
group:omusubi kororin,group:aburi tarako-tei
artist:kouhei ishihara,artist:ishihara kouhei
group:dez soft network,group:dez climax
female:cow girl,female:cowgirl
character:lycoris,character:red spider lily
parody:doremi,parody:ojamajo doremi
artist:rei izumi,artist:izumi rei
group:suicide system,group:jibaku mecha
character:nagatsuki sanae,character:sanae nagatsuki
character:arf,character:aruf
character:nao midorikawa,character:cure march
female:realdoll,female:real doll
cosplayer:yuna elena,cosplayer:elena yuna
character:reika aoki,character:cure beauty
character:kazama mana,character:mana kazama
group:kokonjihonpo,group:kokonji honpo
artist:triplexmile,artist:exmile
character:yubari,character:yuubari
group:northern wind,group:northernwind
character:ryoko,character:ryoko hakubi
artist:mottsun asterisk,artist:mottun asterisk
artist:suzuta yume,artist:staryume
character:hinata nekomiya,character:nekomiya hinata
artist:denchuu rui,artist:tanaka rui
artist:tsuinpo,artist:twinpoo
character:february,character:amber
female:eye-fucking,female:eye penetration
character:mighty yukiko,character:yukiko shinsaki
cosplayer:dessyyc,cosplayer:dessyy
artist:morino korisu,artist:morino colis
artist:mortalshinobi,artist:mortal shinobi
group:greeen solenoid,group:green solenoid
artist:kiyomi fujita,artist:fujita kiyomi
artist:shirokuma,artist:sirokuma
artist:pxpenif,artist:kanif
artist:simpdevil,artist:simp devil
character:rinko,character:rinko kobayakawa
artist:minami ozaki,artist:ozaki minami
group:kao.yellow,group:kao.yellow studio
artist:kino-jaggernov,artist:kino jaggernov
artist:minekami aya,artist:minegami aya
group:doutei shokudou,group:doushoku
artist:chogenbo musasiya,artist:musasiya chogenbo
female:breast sucking,female:breast feeding
artist:houri panda,artist:pineapple panda
artist:yasaki kou,artist:yazaki hikaru
character:mai mishou,character:cure egret
character:momokan,character:maria momoe
other:game sprite,other:pixel art
group:yohsyan,group:yohsyuan
artist:g.s,artist:as109
parody:matrix,parody:the matrix
artist:yakiniku teisyoku,artist:yakiniku teishoku
character:greta tintin eleonora ernman thunberg,character:greta thunberg
artist:futoshi,artist:hutoshi
artist:armadillo,artist:andou jirou
artist:gt wanko,artist:miura jota
artist:ecchi senpai,artist:ecchisenpai
artist:yoshiwa tomo,artist:momomo momo
parody:one,parody:one kagayaku kisetsu e
group:cowengium,group:koenjium
character:charles burns,character:charles montgomery burns
artist:ootsuki michirowo,artist:ootsuki michiro
character:numbuh three,character:numbuh 3
artist:onta,artist:doxy
group:karakuchi shuukuriimu,group:karakuchi choucream
male:sextoys,male:sex toys
group:mogemogeland,group:mogemoge land
character:saaya yakushiji,character:cure ange
male:spats,male:bike shorts
artist:sugitani koji,artist:sugitani kouji
artist:sebastian blackcat,artist:bastianmage
group:balls,group:ball colon s
artist:kato roca,artist:katou roca
cosplayer:arianna,cosplayer:ari.anna
group:munichin,artist:munitin
artist:amam,artist:amam colon
artist:kariya,artist:kariya akane
artist:jonathan ponikvar,artist:peterandwhitney
parody:f40,parody:viper f40
parody:pop chaser,parody:cream lemon
character:ayame nakiri,character:nakiri ayame
cosplayer:jane-po,cosplayer:zyunka mukhina
cosplayer:kitty-honey,cosplayer:kitty honey
artist:haramui,artist:muimui
character:iida nana,character:nana iida
male:kiss,male:kissing
parody:negi,parody:mahou sensei negima
group:gensouyakai,group:gensou yakai
character:cinder,character:cynder
character:asagi akira,character:akira asagi
artist:c16e4,artist:shiben
artist:oono elle,artist:ono elle
group:shoku king kai,group:shoking-kai
artist:benson,artist:simon benson
artist:kan iyashi,artist:tachi iyashi
artist:montanyaoh,artist:mtno
artist:mathiamo13,artist:sorasu hebi
group:isana yoruho,group:isanayoruho
character:kuina,character:shimotsuki kuina
cosplayer:suppai kanmidokoro,cosplayer:suppai kanmidokoro.
group:mashiro castle,group:mashiro no hihoukan
character:touya,character:hilbert
group:usen-ya,group:imoarai-ya
artist:sato shirakuma,artist:satou shirokuma
language:romani,language:romanian
group:scofa,artist:scofa
parody:boku no kanojo ga majimesugiru sho-bitch na ken,parody:boku no kanojo ga majimesugiru shobitch na ken
artist:mogami coji,artist:mogami koji
artist:fukiya flo,artist:fukiya furo
character:uduki kou,character:uzuki kou
character:nana kazuki,character:nana kozuki
artist:dfer,artist:pastel
female:buttplug,female:butt plug
group:d.o,group:d.o.
male:cheetah,male:panther
artist:untexp,artist:untitledexpression
character:kuroneko,character:ruri gokou
character:ajiyoshi noriko,character:noriko ajiyoshi
artist:trinity-fate,artist:trinity fate
parody:nightshade,parody:kunoichi
character:takanashi sora,character:sora takanashi
cosplayer:abaoyeshitunia1,cosplayer:a bao yeshi tu niang
character:relm,character:relm arrowny
artist:mi mare yuu,artist:miki yuu
female:furry on human,female:human on furry
female:naga,female:snake girl
character:chouchou,character:chouchou akimichi
character:elven forestmaker,character:elven forest maker
artist:alfredo pons,artist:alfredo pons rubio
character:poppo,character:tetsudou hisakawa
artist:visis,artist:visis art
character:alexander tagosaku oyajiide,character:alexander t. oyajiide
group:silver fox,group:silverfox
group:stargate,group:stargate3d
female:rim job,female:rimjob
character:arnaud vasquez,character:arnaud g. vasquez
artist:kokushoku toiro,artist:kuroiro toiro
parody:parody inu-oh,parody:inu-oh
parody:doubutsu neechan,parody:doubutsu nee-chan
artist:takaya. a. ichirou,artist:takaya a ichirou
character:saki hyuuga,character:cure bloom
parody:little mermaid,parody:the little mermaid
artist:beta himeko,artist:beta hime
artist:makomo fuyumoe,artist:fuyumoe makomo
male:stocking,male:stockings
artist:hera,artist:hara
character:cindy,character:cindy aurum
group:michishio,group:michisio
artist:doku,artist:rokuharu
character:hakase,character:hakase shinonome
character:abigail lincoln,character:numbuh 5
artist:renji 2827,artist:armadillo daiji
character:jita,character:djeeta
artist:ogawa shizuka,artist:sakura rio
group:sunege 6061,group:sunege6
artist:oogami yuuki,artist:ookami yuuki
artist:sanehara,artist:sanehara kurumi
cosplayer:riku minato,cosplayer:minato riku
parody:nadja,parody:ashita no nadja
artist:enoki gorou,artist:enoki goro
artist:hermann,artist:hermann huppen
artist:oumi shinano,artist:omi shinano
group:zurumuke tarou,group:zurumuke taro
character:reira akaba,character:riley akaba
character:tails,character:miles tails prower
character:goofy,character:goofy goof
parody:tomodachi,parody:boku wa tomodachi ga sukunai
artist:vilani,artist:vilani vila
artist:derutapo,artist:deltapo
artist:discfreegame,artist:simplegreenbag
artist:hamburg daisuki,artist:handai
artist:matrix,artist:matrix one
group:jakoten,group:jakoten.
artist:kaze no gotoku,artist:kazabuki poni
artist:kelvin poma,artist:kpnsfw
artist:wowowo-chan,artist:wowowo
group:takeyamaya,group:tk jesus
group:harukigenia,group:hallucigenia
group:kinokonabe hinanjo,group:kinokonabe-hinanjo
parody:ctr,parody:viper ctr
artist:el-zheng,artist:dan evan
artist:canine love,artist:caninelove
character:kaito shindou,character:kaito shindo
artist:chizuco,artist:yuuki chizuco
male:netori,female:netorare
artist:biku 340310,artist:vic
character:kuuko,character:cthugha
artist:kumada masato,artist:kumada makoto
character:the joker,character:joker
character:catalina 359301,character:katalina aryze
character:mello,character:mihael keehl
parody:2.5 jigen no yuuwaku,parody:2.5-jigen no yuuwaku
artist:raden byakko,artist:toraka kuni puru
artist:denden daiko,artist:denden taiko
artist:tamamusi,artist:oku tamamusi
artist:zurojikaru,artist:zoological
female:ecstasy,female:ahegao
character:kamitsure,character:elesa
artist:kaoru hirota,artist:hirota kaoru
cosplayer:yukicosplay,cosplayer:yuki lefay
artist:marco palencia,artist:marco a. palencia
character:hinagiku 6044,character:hinagiku katsura
male:gape,male:gaping
artist:danger girl,artist:german danger girl
artist:noodle 447337,artist:noodlenood
artist:yair herrera,artist:yair
character:soujiro izumi,character:soujirou izumi
artist:penpenmaru,artist:pyonpyonmaru
group:gigaomaru,group:giga omaru
artist:astraea,artist:atelier astraea
cosplayer:nako ukyuu,cosplayer:ukyuu nako
parody:the grinch who stole christmas,parody:how the grinch stole christmas
artist:uzaki,artist:uzaki takamaru
character:runo,character:runo misaki
artist:noshimasa,artist:nosimasa
artist:sawano kei,artist:sawano kiyoshi
character:scanty,character:scanty demon
artist:kinku,artist:kink
female:dryad,female:plant girl
character:knuckles,character:knuckles the echidna
artist:valcryst,artist:valcumix
character:scotchbroom,character:scotch broom
group:torisoruto,group:tori salt
group:adelheid,group:adel-heid
artist:caglioro3666,artist:caglioro2016
group:tsuru peta,group:tsurupeta kenkyuusho
parody:kazoku keikaku,parody:family project
male:mask,male:masked face
character:hinazuki lilina,character:lilina hinazuki
parody:nuku nuku,parody:all purpose cultural cat girl nuku nuku
character:tony stark,character:iron man
artist:rougefmg,artist:roguefmg
female:spats,female:bike shorts
female:electrocution,female:electric shocks
character:thing,character:benjamin grimm
artist:maou edowan,artist:edowan
character:yoimiya,character:yoimiya naganohara
male:stockade,male:pillory
group:test11,artist:test12
character:ibuki munemasa,character:munemasa ibuki
artist:njsk,artist:nejishiki
cosplayer:aika miura,cosplayer:miura aika
artist:crayfish,artist:takanaga kouhei
group:noir castle entrance,group:noir jou entrance
character:miki aono,character:cure berry
artist:nekonomiya,artist:neko no miya
character:kiryuu yuuta,character:yuuta kiryuu
artist:jantaku,artist:jyantaku
character:hatsune miku,character:miku hatsune
male:teeth brushing,male:tooth brushing
group:mikosuri mercenary corps,group:mikosuri youheidan
artist:niwatora,artist:tanba toki
artist:smith 120287,artist:smithswhc
cosplayer:dosya gasai,cosplayer:tsuki desu
artist:owl,artist:metal owl
group:kousouka sekien,group:high-rised fossil garden
group:akasa seisakusho,group:a-ka-sa-works
female:wedding,female:bride
female:doll 2537,female:doll joints
group:foxhound,group:fox hound
group:blue box,group:bluebox
artist:trentgt,artist:nexcoyotlgt
cosplayer:meagan marie,cosplayer:meagan vanburkleo
artist:mandologica,artist:mando logica
male:gyaru,male:gyaru-oh
character:magik,character:illyana rasputina
character:itsuki myoudouin,character:cure sunshine
male:large insertion,male:large insertions
female:toothbrush,female:tooth brushing
artist:frost969,artist:zro5um
female:ganguro,female:gyaru
artist:sameba ikuya,artist:sameha ikuya
group:namahagedou,group:namahage-dou
group:ameya,group:ameya.
artist:yoshinobu lemon,artist:lemon yoshinobu
artist:chosuke oide,artist:oide chosuke
parody:super mario bros.,parody:super mario brothers
artist:takakuan,artist:gairou
group:uruudosi,group:uruudoshi
artist:marti riera ferrer,artist:marti riera
group:fatalism,group:chimeishou
character:kokone fuwa,character:cure spicy
character:makina,character:kiwako makina
group:keiji yamamoto,group:yamamoto keiji
artist:bebebebebe,artist:inax
character:ms.yuri,character:ms. yuri
artist:kaisou shin juurou,artist:umikusa shinjuurou
artist:sakki okita,artist:okita sakki
character:mrs. graves,character:renee graves
group:akadashi,group:akadashi.
character:ms fortune,character:ms. fortune
artist:naoki honda,artist:honda naoki
artist:izzy,artist:izzybsides
female:bandaids,female:bandaid
artist:doom,artist:nobody147
artist:rozettasuton,artist:rosetta stone
artist:tondabayashi sayaka,artist:inumori sayaka
character:mao mao,character:mao mao mao
group:alan smithee,group:alansmithee
artist:nihao6069,artist:haoni
group:doku usagi,group:doku usagi tai
character:oncidium,character:dancing lady orchid
female:ogre,female:orc
male:pantyhoes,male:pantyhose
parody:tintin,parody:the adventures of tintin
artist:hentai,artist:ta
group:moroheiya,group:moroheiya no agata
group:mushoku no habatsu,group:koh no atelier
character:momonosuke,character:kozuki momonosuke
artist:golgi hon,artist:golgi bon
parody:dream club,parody:dream c club
parody:glen colon lock,parody:gen colon lock
character:figarette elraine,character:elraine figarette
character:tatsunagi rekka,character:rekka tatsunagi
group:sake toba han,group:saketoba meshi
artist:kaho okashii,artist:okashii kaho
artist:guatrie,artist:quatrie
artist:ichi-jirushi,artist:ichijirushi
male:trap,male:tomgirl
character:angol mois,character:angol moa
character:yancha,character:yanchar
artist:suguro chayamachi,artist:chayamachi suguro
artist:rad,artist:theseus9
artist:kinoko nasu,artist:nasu kinoko
artist:higegepon,artist:hi-geepon
artist:cogbrony,artist:thebrokencog
artist:kaneko rin,artist:kaneko lin
male:drug,male:drugs
group:neko neiro,group:neoniro
artist:xingscourge,artist:ghostboners
parody:p2 lets play ping pong,parody:p2 lets play pingpong
artist:yotsubaru,artist:syahara siharu
artist:lou,artist:miyajima hitoshi
parody:atelier,parody:atelier series
character:nathaniel william adams,character:rock adams
artist:kino koutarou,artist:kinoko utarou
artist:mami itou,artist:itou mami
artist:tonjiru lion,artist:lion musashi
artist:ronaldo garca,artist:ronaldo graca
artist:buta tamako,artist:bttamako
artist:nauthleroy,artist:nauth le roy
artist:nagatsuki aoi,artist:nagatsuki sou
parody:um jammer lammy,parody:parappa the rapper
character:asahina mafuyu,character:mafuyu asahina
group:lolimate,group:lolimate seizou koujou
group:ohagi,group:ohagi.
character:toujou koneko,character:koneko toujou
group:kiba o muku,group:kibawomuku
artist:vagabond,artist:batx vagabond
artist:speedy,artist:speedyhimura
parody:tsukuyomi,parody:tsukuyomi moon phase
parody:ya boy kongming,parody:paripi koumei
character:two-face,character:harvey dent
artist:jjffrenchie,artist:jjfrenchie
mixed:nude female nude male,mixed:nudism
group:sclamble egg,group:scramble egg
group:stealthcraftwork,group:stealth koubou
artist:yoshiki izumi,artist:izumi yoshiki
character:airi akizuki,character:airi akitsuki
group:ikiataribattari,group:ikiatari battari
group:kitatanigumi,artist:kitatani uni
artist:eri.f,artist:fujinaga eri
artist:gau,artist:giu
character:syzoth,character:reptile
parody:rockman x,parody:mega man x
artist:nishikun,artist:nishikun sp
artist:aoki soh,artist:tokorozawa waltz
artist:ryuuka aya,artist:ryuuka ryou
artist:minoru samejima,artist:samejima minoru
artist:coq,artist:koku
artist:tenryou ryuune,artist:tenkyou ryuune
artist:roke 339176,artist:ekor
artist:lithla,artist:lilithlauda
artist:ttomm,artist:chiguchi miri
cosplayer:yukitei,cosplayer:yuki teyi
group:kodomotokodomo,group:kodomo to kodomo
parody:a town where you live,parody:kimi no iru machi
cosplayer:patty cake,cosplayer:pattycake
artist:hou akira,artist:fang cheng
male:eye-covering bangs,male:eye-covering bang
artist:enaji,artist:wenajii
character:yayoi kise,character:cure peace
female:oiled,female:oil
parody:kamui,parody:the tale of alltynex
group:plus ticheart,group:plustic heart
character:anaru,character:naruko anjou
artist:28,artist:2 equals 8
artist:yozakura sakyo,artist:yozakura sakyou
artist:dkjmn,artist:jnnkleche
artist:ribera julio,artist:julio ribera
female:sukumizu,female:school swimsuit
character:shou utsumi,character:sho utsumi
character:araragi,character:professor juniper
female:android,female:robot
artist:kika-zaru,artist:kika equals zaru
artist:ninomiya ginta,artist:usamiya usa
artist:ryona,artist:uekura ryona
group:nikui anchikusho,group:nikui an chikushou
character:beauty ichigaya,character:reika ichigaya
character:amata,character:amata almodovar
artist:lilmoonie,artist:lil moonie
female:succubus,female:demon girl
group:lilypat,group:lily-put
group:shangri-la,group:shangrila
character:puchiko,character:petit charat
artist:pitapita,artist:pita
artist:kira inugami,artist:inugami kira
character:vivio,character:vivio takamachi
group:holly up,group:holy up
artist:suiden moon,artist:suidengetsu
cosplayer:imeva,cosplayer:evawxsh
artist:hitokuti,artist:ikk
artist:mac chou,artist:maccyou
character:eleanor goldsmith,character:erina goldsmith
artist:teng,artist:paul teng
male:cowboy,male:cowman
group:abel,group:abel software
artist:arttmadness,artist:ark sinclair
artist:mona lisa,artist:mona liza
character:benwolf,character:blitzwolfer
artist:kuryu josai,artist:kyuuryuujousai
artist:nekohime yuuka,artist:himeragi yukineko
artist:magisteriumart,artist:magisterium
character:yokoyama mitsuko,character:mitsuko yokoyama
cosplayer:xueqi-sama,cosplayer:xue qi-sama
character:quentin quire,character:kid omega
parody:ftf,group:famous toons facial
artist:flo,artist:samidare setsuna
artist:kurejiro,artist:ludens
artist:kittysilence,artist:kitty silence
group:hustard cake,group:hastured cake
artist:protobot-715,artist:ewr-115
male:wolf guy,male:wolf boy
character:haru tamada,character:tamaki tamada
artist:chulain,artist:kamata
artist:daxdi,artist:daxhush
character:zarc,character:z-arc
artist:aho,artist:ahobaka
parody:doa,parody:dead or alive
parody:p,group:p.p
character:hanazono hahari,character:hahari hanazono
group:muhandouchoukaryoku,group:muhandou choukaryoku
cosplayer:ren aizawa,cosplayer:aizawa ren
artist:skpresents,artist:katochin
group:tanaka rui,group:denchuu rui
cosplayer:meiilyn,cosplayer:yuumeilyn
character:nigel,character:ryle
group:choco croissant,group:chococroissants
character:nanase yuu,character:yuu nanase
artist:ponte,artist:minami makura
parody:ranma,parody:ranma 12
artist:carmine,artist:crimson
group:torai-ya,group:toraiya
artist:whitebox,artist:tailbox
female:animal ears,female:kemonomimi
male:big butt,male:big ass
parody:orphen,parody:sorcerous stabber orphen
artist:kimitsu,artist:hori kimitsu
artist:mirkand,artist:mirka andolfo
parody:danjoru,parody:danjo no yuujou wa seiritsu suru iya shinai
artist:shiodamari,artist:siodamari
artist:mepuchin,artist:mepuchin hoshi
character:takakura kanba,character:kanba takakura
group:parfait don,group:parufe don
artist:mikado muramasa,artist:muramasa mikado
group:hirono documentary club,group:hirono d.c
group:futatunohokuro,group:futatsu no hokuro
group:isaki,artist:isaki
artist:yatsuashimatomo,artist:yatsuashi matomo
character:mioooorin,cosplayer:miorin
cosplayer:hanausagi manyu,cosplayer:manyu hanausagi
group:lalala,group:lala la
character:tinkerbell,character:tinker bell
cosplayer:kisaragi ash,cosplayer:kisaragiash
artist:keishi surota,artist:miyako surota
artist:blueblur8lover,artist:peritian
artist:k plus,artist:k-plus
artist:intrigue3d,artist:supro
artist:zenith 42303,artist:s. zenith lee
character:vinyl,character:vinyl scratch
artist:muro tomoharu,artist:nanasaki
artist:amaguri cho-ko,artist:amakuri chouko
group:hentai mona lisa,group:hentai mona liza
group:akizuki,group:akitsuki
character:evangeline,character:evangeline a.k. mcdowell
artist:dixydelightful,artist:dixy delightful
artist:wokashiya,artist:wokasiya
artist:siro,artist:ohaguro dobu
artist:makosyo,artist:makosho
artist:natsuzaki natsumi,artist:nayuzaki natsumi
character:alice yotsuba,character:cure rosetta
parody:sims,parody:the sims
male:magic girl,male:magical girl
parody:yamato,parody:space battleship yamato
artist:alabaster,artist:toomuchdynamite
group:kogitsune,group:kogitune
character:shinji,character:shinji ikari
group:nakayoshi,group:nakayohi
character:yuri tsukikage,character:cure moonlight
group:udonko gumi,group:udonkogumi
parody:wakakusa monogatari nan to jou sensei,parody:wakakusa monogatari nan to jo-sensei
group:kodoku na seibu no hitoritabi,group:high heel syndrome
group:bulgalicci,group:bvlgaricci
artist:terakoya,artist:trky
artist:devilrush,artist:mr diablo
artist:louis,artist:louis and visee
character:naruko,character:naruto uzumaki
artist:siduma,artist:shizuma
character:kokoru,character:cocoloo
group:hotate champon,group:hotate chanpon
group:sakura yorukan no hanare,group:sakurayakan no hanare
cosplayer:astolfitoliz,cosplayer:lizyhsan
female:fight,female:ryona
artist:kiru kin,artist:kirukin
artist:yuujin,artist:sakagaki
cosplayer:miri minaduki,cosplayer:minaduki miri
artist:kane,artist:james garcia
group:anyumaru,group:anyumal
character:shine,character:shine hausen
character:fuuka toyokawa,character:fuka toyokawa
artist:herijp,artist:herishop
parody:kemeko,parody:kemeko deluxe
artist:minmin,artist:sazanami suzune
cosplayer:sexytoys,cosplayer:sexy toys
artist:ero doll,artist:kunaboto
artist:prozacparade,artist:prozac parade
group:mintmacaron,group:mint macaron
character:bat girl,character:batgirl
artist:furaido,artist:fried.
parody:kaji,parody:kaiji
artist:raphael marcello,artist:carlo raffaele marcello
artist:driftingtiger,artist:drifting tiger
character:tanyan,character:tarnyang
character:largo,character:largo potter
female:gnome,female:midget
group:houjoukun mania,group:houjou-kun mania
artist:murakumo katana,artist:murakumo kanata
female:double oral penetration,female:double blowjob
artist:nero44,artist:godwin
group:shinise,group:shinise ikedaya
male:snake man,male:snake boy
cosplayer:kaieda kae,cosplayer:kae kaieda
group:yuki usagi,group:snow rabbit
artist:mejikara scene,artist:hanpatsu zokusei
artist:blindfold,artist:karfex
group:kuni-gamma,group:kuni gamma
artist:s.renaraziel,artist:s. rena raziel
character:makoto kino,character:sailor jupiter
artist:motika,artist:mothica
cosplayer:moonlinnie,cosplayer:annie seixas
group:nekonyan,group:neco nyan
character:ultrawoman mari,character:mother of ultra
character:horkeukamui,character:horkeu kamui
group:dark horse,group:dark horse comics
character:nani,character:nani pelekai
cosplayer:emiri momota,cosplayer:mizukawa sumire
parody:lovecraft,parody:cthulhu mythos
female:microphilia,female:minigirl
group:lantern,group:kantera
character:kokawa asuka,character:asuka koukawa
female:rhino,female:rhinoceros
group:774,artist:nanashi
artist:tatsuya kamishima,artist:kamishima tatsuya
female:futa,female:futanari
character:eiko,character:eiko carol
cosplayer:mai araki,cosplayer:araki mai
cosplayer:glossy rabbit,cosplayer:tsuyato
artist:murata renji,artist:murata range
character:mavis vermilion,character:mavis vermillion
artist:quirock,artist:croquis rock
character:franz schubert,character:franz peter schubert
artist:ron 512,artist:ron512
cosplayer:machi0910,cosplayer:machi
artist:kevinkinne,artist:kevin kinne
parody:mawaru,parody:mawaru penguindrum
artist:lovezawa,artist:deresuke tarou
group:pj-1,artist:pj-1
cosplayer:aiwest,cosplayer:ai xi
group:sirius,group:sirius soft
artist:kayama yuichirou,artist:kayama yuichiro
parody:southern cross,parody:choujikuu kidan southern cross
artist:futaba utane,artist:utanone sion
group:madchen house,group:madchen haus
character:cloud retainer,character:xianyun
parody:virtual youtuber,female:vtuber
group:gineiji,group:gin eiji
character:cassiopeia,character:cassiopeia du couteau
artist:dawarishi,artist:dawalixi
character:mbcc-s-067,character:pricilla
parody:suzumiya haruhi no yuuutsu,parody:the melancholy of haruhi suzumiya
group:choco cafe,group:choco.cafe
artist:mesi uma,artist:shiomeshi
artist:sumire sanshoku,artist:sanshoku sumire
artist:kuuko,artist:akatsuki kuuko
artist:soldiersside,artist:vaako
cosplayer:odoru-neko-ningen,cosplayer:odoru neko ningen
artist:mela,artist:mel-a
female:stockades,female:pillory
female:scylla,female:squid girl
artist:halcyon,artist:halcy0n
artist:begbeing,artist:yamax2
parody:robby to kerobby,parody:robby and kerobby
cosplayer:akari yamasaki,cosplayer:akari yamazaki
parody:yat,parody:yat space travel agency
character:yousei yunde,character:high elf archer
artist:migmig,artist:migumigu
artist:numa mochi,artist:wabi mochi
artist:shiyusu,artist:syus
female:swingers,female:swinging
artist:shiki musen sanhankikan,artist:musen-shiki sanhankikan
artist:a.pg,artist:tobe
group:ochiruko koshian,group:ochirukokoshian
parody:bincho-tan,parody:binchou-tan
character:saber-toothed cat,character:saber tiger
artist:sendai oni,artist:chiyoki
character:suoh mikoto,character:mikoto suoh
artist:johncooperbeast,artist:johncooperbeast3dx
artist:momoya tachibana,artist:tachibana momoya
character:enjou sakuya,character:sakuya enjou
group:tsubasa,group:tubasa
cosplayer:mewjiic,cosplayer:lmusicl
female:teabag,female:ball sucking
artist:mutoh keiji,artist:mutou keiji
female:tan lines,female:tanlines
group:hard soft,group:hard
female:mare,female:horse
group:nisankatanso,group:c-o-two-
artist:signoaaa,artist:signo mandara
group:miura iota,group:miura jota
artist:oreomanko,artist:amberjack
parody:heidi,parody:alps no shoujo heidi
artist:ya tatsu sasaki,artist:sasaki maru
parody:spiderman,parody:spider-man
artist:haguki,artist:shiniku haguki
parody:spyro,parody:spyro the dragon
artist:kaoru sato,artist:sato kaoru
cosplayer:misaki hanamura,cosplayer:hanamura misaki
artist:haruyu chiaki,artist:haruyuu chiaki
artist:naoto shindo,artist:shindou naoto
artist:lorigahaku,artist:loligahaku
group:akagi rio,artist:akagi rio
group:ooki na kodomo no omocha bako,group:ookina kodomo no omocha bako
parody:kimi to boku,parody:kimi to boku.
group:doku doku ryouki garou,group:dokudoku ryouki garou
group:urashima tarou,group:urashima-tarou
character:linse silhoueska,character:linze silhoueska
artist:hananoko daikite,artist:oosaka hananoko
group:canary to tsubame,group:canary and swallow
character:setsuna higashi,character:cure passion
group:keraton,artist:keraton
group:are,group:are.
cosplayer:giorgia cosplay,cosplayer:giorgia vecchini
artist:ji,artist:gemurax
female:maggots,female:maggot
cosplayer:rikako koyama,cosplayer:koyama rikako
group:fuduki kai,group:fuzukikai
male:lizard man,male:lizard guy
character:a.d.d,group:ca.d.d
group:yomotsu hirasaka,group:yomothuhirasaka
cosplayer:asami ishikawa,cosplayer:ishikawa asami
female:penis growth,female:penis enlargement
artist:suwicchi,artist:switch 01
cosplayer:eiko mochizuki,cosplayer:mochizuki eiko
character:hotaru tomoe,character:sailor saturn
female:lion,female:lioness
artist:u 264259,artist:yuu
group:pandacotta,group:panda cotta
character:shindou takuto,character:takuto shindou
character:dunyarzad,character:dunyarzad homayani
group:68,artist:68
female:pole dance,female:pole dancing
female:sumo,female:wrestling
group:eco filter,group:eco-filter
artist:ryuk83,artist:ryuki83
artist:narigaann,artist:hirasaka yasunari
parody:jimmy neutron,parody:the adventures of jimmy neutron boy genius
male:schoolswimsuit,male:school swimsuit
character:blue 2982,character:leaf
artist:nemesis3d,artist:nemesis-3d
character:chongyue,character:chong yue
artist:yama bikko,artist:yama bicco
artist:ani21,artist:nsfani
artist:namekuzi,artist:namekuji
artist:woohyoot,artist:woomochichi
character:opal beifong,character:opal bei fong
character:ezomori nozomu,character:nozomu ezomori
character:paula polestar,character:paula jones
character:anise,character:anise tatlin
female:beastiality,female:bestiality
